01002099999
01003099999
01006099999
01007099999
01008099999
01009099999
01010099999
01011099999
01015099999
01016099999
01017099999
01020099999
01023099999
01024099999
01025099999
01026099999
01027099999
01028099999
01030099999
01033099999
01035099999
01037099999
01042099999
01043099999
01044099999
01045099999
01046099999
01047099999
01049099999
01052099999
01055099999
01058099999
01059099999
01062099999
01065099999
01068099999
01074099999
01076099999
01078099999
01082099999
01083099999
01084099999
01086099999
01088099999
01089099999
01092099999
01098099999
01099099999
01105099999
01107099999
01114099999
01115099999
01116099999
01117099999
01121099999
01135099999
01139099999
01141099999
01143099999
01144099999
01146099999
01147099999
01148099999
01150099999
01151099999
01152099999
01156099999
01158099999
01160099999
01161099999
01162099999
01169099999
01180099999
01183099999
01192099999
01198099999
01199099999
02013099999
02019099999
02022099999
02024099999
02029099999
02031099999
02036099999
02038099999
02044099999
02049099999
02055099999
02064099999
02072099999
02081099999
02095099999
02101099999
02119099999
02121099999
02124099999
02141099999
02151099999
02154099999
02161099999
02171099999
02174099999
02181099999
02184099999
02197099999
02199099999
02701099999
02702099999
02705099999
02717099999
02719099999
02720099999
02722099999
02726099999
02745099999
02760099999
02764099999
02801099999
02805099999
02807099999
02807599999
02811099999
02812099999
02813099999
02814099999
02815099999
02816099999
02817099999
02818099999
02819099999
02820099999
02821099999
02824099999
02825099999
02827099999
02835099999
02836099999
02844099999
02845099999
02847099999
02849099999
02857099999
02858099999
02860099999
02868099999
02869099999
02880099999
02881099999
02882099999
02888099999
02890099999
20046099999
20087099999
20107099999
20292099999
20471099999
20476099999
20667099999
20674099999
20744099999
20871099999
20891099999
20946099999
20967099999
20978099999
20982099999
21432099999
21535099999
21608099999
21636099999
21711099999
21721099999
21802099999
21813099999
21821099999
21824099999
21908099999
21921099999
21931099999
21937099999
21946099999
21978099999
21982099999
22003099999
22004099999
22028099999
22101099999
22106099999
22113099999
22127099999
22165099999
22193099999
22212099999
22213099999
22217099999
22235099999
22249099999
22271099999
22292099999
22312099999
22324099999
22334099999
22349099999
22365099999
22383099999
22471099999
23022099999
23032099999
23078099999
23112099999
23114099999
23174099999
23179099999
23205099999
23226099999
23242099999
23256099999
23274099999
23305099999
23324099999
23330099999
23339099999
23345099999
23358099999
23376099999
23383099999
23412099999
23431099999
23443099999
23453099999
24076099999
24125099999
24136099999
24143099999
24194099999
24219099999
24261099999
24263099999
24266099999
24322099999
24329099999
24338099999
24343099999
24371099999
24382099999
25017099999
25034099999
25042099999
25044099999
25051099999
25062099999
25121099999
25123099999
25129099999
25138099999
25147099999
25151099999
25206099999
25248099999
25282099999
25335099999
25356099999
25378099999
25399099999
31981199999
